날짜,시가,고가,저가,종가,거래량,거래대금,등락률
2022-01-03,13350,13450,13150,13150,24502,325979100,-1.5
2022-01-04,13350,13350,13100,13250,18026,238043600,0.76
2022-01-05,13300,13300,12950,13050,38173,499448750,-1.51
2022-01-06,12900,13000,12700,12800,42018,539429400,-1.92
2022-01-07,12800,13100,12800,13000,22803,295360700,1.56
2022-01-10,13000,13100,12700,13050,29747,383320700,0.38
2022-01-11,13050,13150,12800,12900,17171,221672050,-1.15
2022-01-12,12900,13100,12900,13050,11947,155608650,1.16
2022-01-13,13050,13150,12900,12950,11071,143778850,-0.77
2022-01-14,12950,13000,12700,12750,20107,257697350,-1.54
2022-01-17,12750,12950,12400,12550,33062,417577450,-1.57
2022-01-18,12550,12600,12250,12300,26666,330947300,-1.99
2022-01-19,12300,12550,12200,12400,19963,246901550,0.81
2022-01-20,12400,12650,12300,12600,10281,128091700,1.61
2022-01-21,12600,12600,12300,12400,12656,157199200,-1.59
2022-01-24,12400,12450,12050,12250,28865,352002600,-1.21
2022-01-25,12350,12350,11800,11950,32930,395839700,-2.45
2022-01-26,11850,12100,11800,11800,19828,237310650,-1.26
2022-01-27,11850,12050,11400,11400,50383,584920200,-3.39
2022-01-28,11350,11600,11200,11400,43556,498034100,0.0
2022-02-03,11550,12250,11550,12200,31336,374165250,7.02
2022-02-04,12200,12550,11950,12450,82178,1065435800,2.05
2022-02-07,12550,12750,12250,12400,77794,973624600,-0.4
2022-02-08,12450,12450,12200,12350,18182,223661000,-0.4
2022-02-09,12350,12850,12350,12700,30353,384771550,2.83
2022-02-10,12850,12900,12450,12600,27509,348445650,-0.79
2022-02-11,12550,12600,12350,12350,18023,223350250,-1.98
2022-02-14,12300,12300,12000,12050,25701,311158450,-2.43
2022-02-15,12000,12250,11850,11850,19783,236799500,-1.66
2022-02-16,12100,12150,11950,12150,8776,105762700,2.53
2022-02-17,12150,12350,12000,12050,16788,203830050,-0.82
2022-02-18,11950,12400,11950,12350,8375,102768800,2.49
2022-02-21,12250,12450,12150,12400,7018,86552300,0.4
2022-02-22,12400,12450,12150,12250,11893,145701400,-1.21
2022-02-23,12200,12300,12150,12200,8900,108621850,-0.41
2022-02-24,12200,12250,12000,12050,14735,178090200,-1.23
2022-02-25,12000,12300,12000,12100,14697,178473200,0.41
2022-02-28,12150,12300,12000,12100,7512,91071550,0.0
2022-03-02,12050,12350,12050,12350,12510,153535550,2.07
2022-03-03,12350,12500,12350,12450,11364,141035750,0.81
2022-03-04,12500,12500,12200,12400,10466,129170200,-0.4
2022-03-07,12400,12450,12100,12250,14373,175380400,-1.21
2022-03-08,12100,12150,11850,11950,20754,249042800,-2.45
2022-03-10,12100,12300,12050,12300,8801,107379450,2.93
2022-03-11,12350,12500,12300,12500,11852,147407900,1.63
2022-03-14,12650,13050,12550,12800,67946,869886550,2.4
2022-03-15,12800,12900,12350,12800,13942,177286400,0.0
2022-03-16,12800,13100,12600,12850,40440,520452650,0.39
2022-03-17,13000,13000,12650,12750,58875,753495550,-0.78
2022-03-18,12700,13000,12700,12900,35526,458029750,1.18
2022-03-21,12950,13100,12850,12900,26837,348280650,0.0
2022-03-22,12950,12950,12800,12800,13793,176912500,-0.78
2022-03-23,12800,12850,12700,12800,18518,236020050,0.0
2022-03-24,12800,12850,12600,12750,21146,268612350,-0.39
2022-03-25,12750,12750,12600,12750,14938,189372550,0.0
2022-03-28,12750,13000,12650,12850,24132,310104300,0.78
2022-03-29,12800,12950,12700,12850,14248,182470250,0.0
2022-03-30,12850,12900,12700,12700,22602,288358000,-1.17
2022-03-31,12700,12950,12650,12900,27478,353945250,1.57
2022-04-01,12850,12950,12800,12850,15256,196135150,-0.39
2022-04-04,12850,13000,12800,12900,18804,242184300,0.39
2022-04-05,12900,13100,12850,13050,27170,352725050,1.16
2022-04-06,13050,13350,12950,13200,36019,472989700,1.15
2022-04-07,13200,13200,12900,12950,32426,421070850,-1.89
2022-04-08,13000,13050,12850,12850,19521,251486550,-0.77
2022-04-11,12850,13000,12750,12950,15358,197681850,0.78
2022-04-12,12850,12950,12750,12850,21813,279507100,-0.77
2022-04-13,12900,12950,12750,12850,10571,135689800,0.0
2022-04-14,12850,12950,12750,12850,12231,156934150,0.0
2022-04-15,12850,12850,12550,12600,46188,584514150,-1.95
2022-04-18,12600,12750,12550,12750,12439,157560000,1.19
2022-04-19,12700,12850,12650,12750,11999,153167350,0.0
2022-04-20,12750,12900,12650,12800,20152,257086100,0.39
2022-04-21,12800,12900,12750,12750,12673,162290200,-0.39
2022-04-22,12750,12750,12300,12450,69521,870164550,-2.35
2022-04-25,12450,12450,12100,12200,26522,324250900,-2.01
2022-04-26,12200,12400,12150,12350,17163,211306050,1.23
2022-04-27,12300,12300,12050,12250,16671,203440500,-0.81
2022-04-28,12200,12300,12050,12100,18818,228526600,-1.22
2022-04-29,12100,12250,12100,12150,12853,156333550,0.41
2022-05-02,12100,12250,12050,12150,16306,197875200,0.0
2022-05-03,12150,12300,12150,12200,14837,181326150,0.41
2022-05-04,12200,12250,12100,12200,14028,170505700,0.0
2022-05-06,12200,12200,12050,12100,11758,142296450,-0.82
2022-05-09,12100,12100,11800,11850,27816,331488900,-2.07
2022-05-10,11800,11850,11450,11800,32279,376139750,-0.42
2022-05-11,11800,11850,11600,11700,10075,117603600,-0.85
2022-05-12,11550,11700,11150,11250,41472,472397300,-3.85
2022-05-13,11250,11450,11200,11300,43642,492912950,0.44
2022-05-16,11350,11500,11300,11450,26752,304666750,1.33
2022-05-17,11350,11550,11350,11550,27979,320490750,0.87
2022-05-18,11550,11600,11350,11450,22479,257167400,-0.87
2022-05-19,11050,11250,11050,11150,64828,721545750,-2.62
2022-05-20,11200,11250,11050,11250,27780,309980450,0.9
2022-05-23,11300,11300,11100,11150,19183,214201700,-0.89
2022-05-24,11150,11300,11100,11100,28300,316378850,-0.45
2022-05-25,11150,11350,11050,11150,30818,345207900,0.45
2022-05-26,11200,11350,11200,11300,21912,247203650,1.35
2022-05-27,11350,11550,11350,11400,22172,253914100,0.88
2022-05-30,11500,12050,11400,11750,46924,550039800,3.07
2022-05-31,11900,11950,11750,11950,29541,350340150,1.7
2022-06-02,11800,11950,11700,11750,26359,311121150,-1.67
2022-06-03,11750,11850,11700,11750,8662,102116050,0.0
2022-06-07,11750,11750,11600,11750,18100,211606650,0.0
2022-06-08,11800,12000,11650,11750,19782,233584700,0.0
2022-06-09,11700,11800,11550,11750,18566,216729100,0.0
2022-06-10,11750,11800,11550,11650,19616,228518450,-0.85
2022-06-13,11500,11650,11250,11250,37393,424387750,-3.43
2022-06-14,11200,11400,10950,11200,44239,491769450,-0.44
2022-06-15,11100,11200,10800,10850,42509,463931800,-3.13
2022-06-16,10950,11050,10700,10800,36715,400139850,-0.46
2022-06-17,10700,10700,10500,10700,26756,284469950,-0.93
2022-06-20,10750,10800,10100,10150,53492,549787400,-5.14
2022-06-21,10150,10300,10050,10200,20657,210296700,0.49
2022-06-22,10200,10400,9980,10050,21630,218534240,-1.47
2022-06-23,10100,10100,9750,9830,37619,371487950,-2.19
2022-06-24,9740,10200,9740,10150,28262,281876440,3.26
2022-06-27,10200,10900,10150,10800,87294,926829300,6.4
2022-06-28,10900,11200,10800,11000,64875,712611050,1.85
2022-06-29,10950,11350,10800,11350,40255,445582300,3.18
2022-06-30,11250,11400,11150,11250,22794,256324600,-0.88
2022-07-01,11250,11350,11050,11200,40630,454755800,-0.44
2022-07-04,11200,11200,10700,10850,71699,779826800,-3.13
2022-07-05,10750,11050,10750,10800,36796,400135900,-0.46
2022-07-06,10950,11050,10700,10950,41246,450812750,1.39
2022-07-07,11000,11300,10950,11150,49813,556990150,1.83
2022-07-08,11150,11300,11050,11200,51814,579553400,0.45
2022-07-11,11200,11500,11100,11350,44445,500884700,1.34
2022-07-12,11350,11350,11000,11100,53973,597477400,-2.2
2022-07-13,11100,11300,10950,11200,22957,256094300,0.9
2022-07-14,11100,11300,11100,11250,14714,165355050,0.45
2022-07-15,11150,11250,11050,11250,15567,173523850,0.0
2022-07-18,11300,11400,11250,11350,21164,240290400,0.89
2022-07-19,11400,11450,11300,11400,20288,230927500,0.44
2022-07-20,11500,11650,11450,11500,37781,437472850,0.88
2022-07-21,11600,12550,11550,11550,478069,5701129250,0.43
2022-07-22,11550,11600,11250,11300,75850,863575200,-2.16
2022-07-25,11300,11850,11200,11700,69077,798414700,3.54
2022-07-26,12200,12250,11100,11300,210280,2408169100,-3.42
2022-07-27,11350,11800,11300,11450,131656,1512386150,1.33
2022-07-28,11550,11600,11250,11350,31909,363201300,-0.87
2022-07-29,11400,11400,11200,11250,22593,254356700,-0.88
2022-08-01,11400,11800,11400,11500,97819,1132745000,2.22
2022-08-02,11500,11500,11200,11450,26899,305774750,-0.43
2022-08-03,11400,11400,11250,11300,20606,233045500,-1.31
2022-08-04,11300,11500,11250,11450,23120,263279350,1.33
2022-08-05,11450,11500,11350,11500,12890,147561850,0.44
2022-08-08,11500,11500,11300,11400,16130,183796400,-0.87
2022-08-09,11300,11450,11250,11300,19207,217454100,-0.88
2022-08-10,11300,11350,11150,11200,30327,340017750,-0.88
2022-08-11,11200,11350,11200,11250,20394,229567582,0.45
2022-08-12,11250,11350,11200,11300,15318,172633000,0.44
2022-08-16,11300,12250,11250,11700,400252,4722780050,3.54
2022-08-17,11700,11750,11500,11750,57692,671370400,0.43
2022-08-18,11600,11700,11500,11700,40017,463848100,-0.43
2022-08-19,11700,11700,11450,11550,32140,370893800,-1.28
2022-08-22,11400,11450,11250,11350,20696,234911500,-1.73
2022-08-23,11200,11350,11150,11350,32780,369574950,0.0
2022-08-24,11350,11500,11250,11500,20688,235861650,1.32
2022-08-25,11350,11550,11350,11450,19199,220289700,-0.43
2022-08-26,11450,11550,11400,11400,4905,56177850,-0.44
2022-08-29,11100,11350,11100,11300,31741,354848500,-0.88
2022-08-30,11150,11450,11150,11450,9977,112687250,1.33
2022-08-31,11350,11450,11250,11350,9847,111888100,-0.87
2022-09-01,11250,11350,11100,11250,15167,170205700,-0.88
2022-09-02,11250,11250,11050,11150,13535,150852350,-0.89
2022-09-05,11250,11250,10850,11000,17091,187584450,-1.35
2022-09-06,11000,11000,10700,10800,31854,343771450,-1.82
2022-09-07,10800,10800,10550,10600,21550,228228400,-1.85
2022-09-08,10650,10800,10600,10800,13162,141150800,1.89
2022-09-13,10850,11250,10800,11250,17293,192118800,4.17
2022-09-14,10900,11250,10850,11250,8286,91417850,0.0
2022-09-15,11300,11300,11000,11150,7709,85436000,-0.89
2022-09-16,11000,11300,10900,11300,38293,427364200,1.35
2022-09-19,11350,11350,10950,11050,23032,254434350,-2.21
2022-09-20,10950,11350,10950,11350,30245,337834100,2.71
2022-09-21,11250,12000,11250,11900,81611,961804450,4.85
2022-09-22,11850,11900,11500,11800,26958,315087750,-0.84
2022-09-23,11800,12150,11650,11850,44254,525570400,0.42
2022-09-26,11700,11700,11100,11200,32008,361826950,-5.49
2022-09-27,11100,11300,11000,11250,19805,221226750,0.45
2022-09-28,11300,11300,10700,11200,30270,330207200,-0.44
2022-09-29,11200,11250,11000,11100,13057,145418400,-0.89
2022-09-30,10950,11200,10850,11200,9109,100273500,0.9
2022-10-04,11200,11350,11050,11200,24269,272412450,0.0
2022-10-05,11350,11700,11050,11100,31669,356779550,-0.89
2022-10-06,11100,11500,11050,11450,34143,387005700,3.15
2022-10-07,11450,11550,11300,11450,20315,231769300,0.0
2022-10-11,11250,11300,10850,11000,48753,538744550,-3.93
2022-10-12,11000,11000,10650,11000,15270,166298350,0.0
2022-10-13,11000,11000,10750,11000,13157,142366400,0.0
2022-10-14,11000,11150,10900,11100,14445,159862450,0.91
2022-10-17,11050,11100,10900,11100,6345,69989100,0.0
2022-10-18,11150,11200,11100,11150,14405,160503650,0.45
2022-10-19,11150,11200,11100,11150,12118,135269950,0.0
2022-10-20,11150,11250,11050,11100,17959,200437150,-0.45
2022-10-21,11150,11150,10950,11100,19467,215039250,0.0
2022-10-24,11200,11400,11150,11250,20316,228484850,1.35
2022-10-25,11250,11300,11000,11000,18139,201814700,-2.22
2022-10-26,11000,11100,10950,11050,12066,133018200,0.45
2022-10-27,11050,11150,11000,11150,7862,87105300,0.9
2022-10-28,11150,11150,11050,11150,8547,94860050,0.0
2022-10-31,11150,11200,10850,11000,47131,517882150,-1.35
2022-11-01,11000,11000,10850,10950,11930,130453200,-0.45
2022-11-02,10950,11000,10850,10950,15412,168524700,0.0
2022-11-03,10950,10950,10750,10800,15073,162878400,-1.37
2022-11-04,10800,10950,10750,10950,7993,86696650,1.39
2022-11-07,11000,11000,10850,10900,9087,99522350,-0.46
2022-11-08,11000,11050,10900,11000,5735,63006500,0.92
2022-11-09,11000,11100,11000,11100,21379,235967650,0.91
2022-11-10,11000,11150,10950,10950,19951,220337300,-1.35
2022-11-11,11100,11750,11050,11550,49073,555496200,5.48
2022-11-14,11550,11600,11300,11400,12107,137933600,-1.3
2022-11-15,11400,11500,11300,11500,12174,138711950,0.88
2022-11-16,11500,11650,11400,11500,12862,147720700,0.0
2022-11-17,11650,11650,11300,11500,14771,169350200,0.0
2022-11-18,11350,11700,11350,11500,8237,94984650,0.0
2022-11-21,11500,11500,11250,11450,6487,73640050,-0.43
2022-11-22,11300,11450,11250,11400,3243,36777150,-0.44
2022-11-23,11400,11400,11300,11400,2047,23264100,0.0
2022-11-24,11400,11450,11350,11450,12354,140750500,0.44
2022-11-25,11450,11500,11300,11500,5349,61051150,0.44
2022-11-28,11500,11550,11300,11500,5198,59343900,0.0
2022-11-29,11450,11550,11400,11500,5893,67665800,0.0
2022-11-30,11500,11550,11400,11550,8222,94394600,0.43
2022-12-01,11550,11600,11400,11550,10886,125165650,0.0
2022-12-02,11550,11600,11450,11600,8733,100769000,0.43
2022-12-05,11600,11700,11450,11700,9050,104530050,0.86
2022-12-06,11700,11700,11450,11550,6918,79776400,-1.28
2022-12-07,11550,11550,11400,11500,1854,21285550,-0.43
2022-12-08,11400,11500,11300,11500,9743,111128750,0.0
2022-12-09,11500,11600,11350,11600,10555,120812000,0.87
2022-12-12,11600,11600,11450,11600,6770,77757700,0.0
2022-12-13,11600,11600,11450,11450,5867,67430900,-1.29
2022-12-14,11500,11600,11450,11550,6933,79915400,0.87
2022-12-15,11550,11550,11450,11550,8960,103201350,0.0
2022-12-16,11500,11600,11400,11550,12796,147022100,0.0
2022-12-19,11550,11700,11450,11650,75359,877035400,0.87
2022-12-20,11650,11700,11550,11600,10093,117064550,-0.43
2022-12-21,11700,11700,11450,11600,12083,139600500,0.0
2022-12-22,11600,11650,11500,11600,7917,91577450,0.0
2022-12-23,11550,11600,11350,11450,58821,674067700,-1.29
2022-12-26,11400,11500,11350,11500,29693,339764400,0.44
2022-12-27,11500,11550,11350,11400,48807,556990550,-0.87
2022-12-28,11000,11050,10800,10850,30600,334454900,-4.82
2022-12-29,10850,10900,10500,10850,16661,177558500,0.0
